pos/1.jpg 1 201 113 29 38
pos/100.jpg 1 237 111 32 41
pos/1000.jpg 1 213 93 27 40
pos/1009.jpg 1 244 122 26 41
pos/101.jpg 1 244 113 29 40
pos/1010.jpg 1 244 120 28 43
pos/1012.jpg 1 244 87 30 41
pos/1013.jpg 1 242 99 29 37
pos/1014.jpg 1 242 142 32 42
pos/1015.jpg 1 244 139 30 37
pos/1016.jpg 1 241 133 32 39
pos/1017.jpg 1 245 96 30 35
pos/1018.jpg 1 243 96 33 39
pos/1019.jpg 1 244 83 29 37
pos/102.jpg 1 208 76 34 37
pos/1020.jpg 1 241 65 33 41
pos/1021.jpg 1 231 72 36 37
pos/1022.jpg 1 215 56 29 29
pos/1023.jpg 1 208 63 32 39
pos/1024.jpg 1 223 70 27 38
pos/1025.jpg 1 228 49 28 43
pos/1026.jpg 1 235 52 29 37
pos/1027.jpg 1 232 68 33 36
pos/1028.jpg 1 237 68 30 43
pos/103.jpg 1 228 60 27 39
pos/1031.jpg 1 301 79 28 39
pos/1032.jpg 1 271 81 29 38
pos/1033.jpg 1 244 81 26 43
pos/1034.jpg 1 238 85 24 37
pos/1035.jpg 1 237 83 27 40
pos/1036.jpg 1 241 52 27 40
pos/1037.jpg 1 239 67 35 40
pos/1038.jpg 1 241 45 29 37
pos/1039.jpg 1 240 55 29 39
pos/1040.jpg 1 239 40 30 41
pos/1041.jpg 1 237 47 28 34
pos/1042.jpg 1 224 53 29 37
pos/1043.jpg 1 208 38 27 39
pos/1044.jpg 1 190 69 34 39
pos/1045.jpg 1 177 80 30 39
pos/1047.jpg 1 156 81 32 41
pos/1048.jpg 1 146 82 32 40
pos/1049.jpg 1 138 83 32 38
pos/105.jpg 1 239 47 28 38
pos/1050.jpg 1 138 86 29 37
pos/1051.jpg 1 134 88 32 34
pos/1052.jpg 1 132 83 33 41
pos/1053.jpg 1 135 84 29 39
pos/1054.jpg 1 153 83 33 41
pos/1055.jpg 1 170 83 30 40
pos/1056.jpg 1 182 85 30 38
pos/1057.jpg 1 190 83 29 38
pos/1058.jpg 1 188 117 33 37
pos/106.jpg 1 184 62 32 41
pos/1061.jpg 1 23 146 34 40
pos/1062.jpg 1 92 140 34 39
pos/1063.jpg 1 131 102 33 39
pos/1064.jpg 1 153 104 37 40
pos/1065.jpg 1 172 147 32 41
pos/1066.jpg 1 187 198 34 25
pos/1067.jpg 1 196 188 32 37
pos/1068.jpg 1 206 165 31 37
pos/1069.jpg 1 221 149 31 42
pos/107.jpg 1 133 39 31 37
pos/1070.jpg 1 228 139 31 42
pos/1071.jpg 1 232 133 28 38
pos/1072.jpg 1 237 129 29 41
pos/1073.jpg 1 240 124 30 39
pos/1074.jpg 1 239 122 33 41
pos/1075.jpg 1 241 119 29 40
pos/1076.jpg 1 243 119 32 38
pos/1077.jpg 1 242 117 29 39
pos/1078.jpg 1 242 118 34 33
pos/108.jpg 1 132 129 29 42
pos/1080.jpg 1 235 115 35 37
pos/1081.jpg 1 240 115 35 35
pos/1082.jpg 1 233 115 33 38
pos/1083.jpg 1 217 113 33 40
pos/1084.jpg 1 227 113 35 38
pos/1085.jpg 1 232 111 28 44
pos/1086.jpg 1 238 113 33 40
pos/1087.jpg 1 239 115 32 39
pos/1088.jpg 1 239 112 33 38
pos/1089.jpg 1 240 112 32 41
pos/109.jpg 1 109 120 31 38
pos/1090.jpg 1 243 115 33 38
pos/1091.jpg 1 242 111 31 41
pos/1092.jpg 1 243 112 30 42
pos/1093.jpg 1 243 113 30 39
pos/1094.jpg 1 244 115 32 41
pos/1095.jpg 1 242 113 33 41
pos/1096.jpg 1 243 115 31 35
pos/1097.jpg 1 241 111 33 40
pos/1098.jpg 1 246 112 29 44
pos/1099.jpg 1 244 116 32 38
pos/11.jpg 1 199 105 33 38
pos/110.jpg 1 125 112 28 40
pos/1100.jpg 1 244 117 29 38
pos/1101.jpg 1 241 114 33 39
pos/1102.jpg 1 243 112 31 42
pos/1103.jpg 1 243 112 32 43
pos/1104.jpg 1 245 112 28 39
pos/1105.jpg 1 244 115 31 36
pos/1106.jpg 1 245 110 28 41
pos/1107.jpg 1 245 112 27 41
pos/1108.jpg 1 244 114 31 39
pos/1109.jpg 1 243 114 29 39
pos/111.jpg 1 135 114 29 40
pos/1110.jpg 1 242 114 33 38
pos/1111.jpg 1 243 112 29 41
pos/1112.jpg 1 242 113 30 39
pos/1113.jpg 1 238 112 33 38
pos/1114.jpg 1 246 112 28 42
pos/1115.jpg 1 244 114 32 38
pos/1116.jpg 1 245 111 29 39
pos/1117.jpg 1 246 113 27 39
pos/1118.jpg 1 244 113 29 40
pos/1119.jpg 1 242 111 32 43
pos/1120.jpg 1 243 113 31 40
pos/1121.jpg 1 241 112 32 41
pos/1122.jpg 1 242 115 30 41
pos/1126.jpg 1 243 114 29 38
pos/1127.jpg 1 241 113 31 41
pos/1128.jpg 1 242 112 30 43
pos/1129.jpg 1 242 114 33 39
pos/113.jpg 1 163 60 31 39
pos/1130.jpg 1 244 111 28 41
pos/1131.jpg 1 244 110 27 42
pos/1132.jpg 1 243 111 28 43
pos/1133.jpg 1 242 112 31 40
pos/1134.jpg 1 242 112 35 40
pos/1135.jpg 1 245 80 30 38
pos/1136.jpg 1 246 82 28 35
pos/1137.jpg 1 238 102 30 42
pos/114.jpg 1 160 76 29 41
pos/1159.jpg 1 241 123 27 44
pos/116.jpg 1 183 77 27 39
pos/1160.jpg 1 240 101 31 38
pos/1161.jpg 1 242 135 29 44
pos/1162.jpg 1 241 116 31 43
pos/1163.jpg 1 239 92 34 42
pos/1164.jpg 1 243 120 27 42
pos/1165.jpg 1 245 154 22 41
pos/1166.jpg 1 241 144 32 45
pos/1167.jpg 1 241 106 32 41
pos/1168.jpg 1 243 107 29 42
pos/1169.jpg 1 245 134 26 40
pos/117.jpg 1 164 81 30 43
pos/1170.jpg 1 244 129 31 40
pos/1171.jpg 1 240 123 33 43
pos/1172.jpg 1 243 122 30 40
pos/1173.jpg 1 242 119 31 43
pos/1174.jpg 1 242 115 31 42
pos/1175.jpg 1 243 117 31 39
pos/1176.jpg 1 242 115 33 41
pos/1177.jpg 1 241 115 32 38
pos/1178.jpg 1 242 111 29 40
pos/1179.jpg 1 240 115 33 38
pos/118.jpg 1 134 86 32 40
pos/1180.jpg 1 244 115 29 36
pos/1181.jpg 1 245 111 31 37
pos/1182.jpg 1 243 110 31 41
pos/1183.jpg 1 243 112 31 37
pos/1184.jpg 1 242 113 28 39
pos/1185.jpg 1 243 113 31 40
pos/1186.jpg 1 243 116 28 38
pos/1187.jpg 1 245 111 26 43
pos/1188.jpg 1 243 111 30 39
pos/1189.jpg 1 242 109 33 45
pos/119.jpg 1 134 83 32 40
pos/1190.jpg 1 244 113 29 38
pos/1191.jpg 1 243 111 32 42
pos/1192.jpg 1 244 113 29 42
pos/1193.jpg 1 242 112 32 41
pos/1194.jpg 1 244 112 32 43
pos/1195.jpg 1 243 112 33 43
pos/1196.jpg 1 240 113 34 41
pos/1197.jpg 1 244 113 30 42
pos/1198.jpg 1 244 109 31 45
pos/1199.jpg 1 241 112 33 43
pos/12.jpg 1 249 101 32 42
pos/120.jpg 1 129 88 33 37
pos/1200.jpg 1 227 111 34 41
pos/1204.jpg 1 206 110 32 44
pos/1205.jpg 1 206 110 28 43
pos/1206.jpg 1 200 111 36 43
pos/1207.jpg 1 202 111 29 42
pos/1208.jpg 1 201 113 28 40
pos/1209.jpg 1 203 113 31 39
pos/121.jpg 1 130 84 32 40
pos/1210.jpg 1 201 113 34 39
pos/1211.jpg 1 199 111 33 43
pos/1212.jpg 1 200 110 30 43
pos/122.jpg 1 131 181 31 43
pos/1220.jpg 2 206 111 27 45 118 31 15 28
pos/1221.jpg 2 117 31 17 26 200 111 33 42
pos/123.jpg 1 158 141 27 40
pos/124.jpg 1 236 118 28 41
pos/125.jpg 1 228 160 29 43
pos/126.jpg 1 143 121 32 40
pos/127.jpg 1 159 112 32 40
pos/128.jpg 1 155 111 31 38
pos/129.jpg 1 170 114 31 41
pos/13.jpg 1 270 105 34 37
pos/130.jpg 1 135 110 32 45
pos/131.jpg 1 127 113 30 39
pos/132.jpg 1 180 113 31 40
pos/133.jpg 1 133 85 35 42
pos/134.jpg 1 163 84 33 41
pos/136.jpg 1 194 111 29 40
pos/138.jpg 1 219 77 30 39
pos/139.jpg 1 126 133 33 39
pos/14.jpg 1 199 105 32 39
pos/140.jpg 1 163 193 27 42
pos/141.jpg 1 234 116 35 41
pos/142.jpg 1 240 106 36 39
pos/144.jpg 1 227 78 30 41
pos/145.jpg 1 244 118 29 40
pos/146.jpg 1 214 114 32 41
pos/147.jpg 1 241 91 31 41
pos/148.jpg 1 243 95 29 37
pos/149.jpg 1 98 33 30 43
pos/15.jpg 1 244 102 30 38
pos/151.jpg 1 117 129 32 42
pos/152.jpg 1 213 85 34 39
pos/153.jpg 1 240 80 33 39
pos/154.jpg 1 242 42 28 40
pos/155.jpg 1 181 41 34 39
pos/156.jpg 1 132 63 35 39
pos/158.jpg 1 152 73 31 39
pos/159.jpg 1 163 72 33 40
pos/16.jpg 1 244 102 30 44
pos/162.jpg 1 237 66 33 45
pos/163.jpg 1 240 74 32 40
pos/164.jpg 1 218 38 33 43
pos/165.jpg 1 145 47 29 44
pos/166.jpg 1 168 48 30 42
pos/167.jpg 1 172 47 30 42
pos/168.jpg 1 173 51 30 40
pos/17.jpg 1 215 105 30 36
pos/170.jpg 1 232 66 31 41
pos/171.jpg 1 242 72 31 43
pos/172.jpg 1 243 74 30 43
pos/173.jpg 1 242 83 30 42
pos/175.jpg 1 279 165 35 42
pos/176.jpg 1 274 155 37 43
pos/177.jpg 1 306 76 31 39
pos/179.jpg 1 288 58 29 43
pos/18.jpg 1 255 103 25 41
pos/182.jpg 1 231 104 33 44
pos/183.jpg 1 242 120 30 40
pos/184.jpg 1 186 186 29 34
pos/186.jpg 1 218 113 29 41
pos/187.jpg 1 239 82 34 43
pos/189.jpg 1 222 149 29 43
pos/19.jpg 1 121 100 33 44
pos/190.jpg 1 273 148 34 42
pos/191.jpg 1 243 149 34 45
pos/192.jpg 1 242 101 32 45
pos/193.jpg 1 244 87 32 39
pos/194.jpg 1 236 64 28 41
pos/195.jpg 1 209 81 29 41
pos/196.jpg 1 176 87 33 42
pos/197.jpg 1 124 124 28 39
pos/198.jpg 1 130 124 33 41
pos/199.jpg 1 131 149 28 39
pos/2.jpg 1 226 88 28 39
pos/20.jpg 1 130 70 32 39
pos/200.jpg 1 132 148 25 39
pos/201.jpg 1 129 148 30 43
pos/202.jpg 1 129 148 31 44
pos/203.jpg 1 131 149 29 44
pos/204.jpg 1 75 151 26 42
pos/205.jpg 1 170 201 31 22
pos/206.jpg 1 145 172 35 36
pos/207.jpg 1 209 119 27 46
pos/208.jpg 1 162 163 33 41
pos/209.jpg 1 124 162 29 42
pos/210.jpg 1 212 162 30 41
pos/212.jpg 1 198 147 30 45
pos/213.jpg 1 173 178 29 40
pos/214.jpg 1 143 155 31 42
pos/215.jpg 1 138 132 29 45
pos/216.jpg 1 144 123 29 43
pos/218.jpg 1 150 130 29 40
pos/219.jpg 1 140 135 29 41
pos/22.jpg 1 113 114 29 42
pos/220.jpg 1 148 156 29 42
pos/221.jpg 1 160 116 30 41
pos/222.jpg 1 197 153 31 44
pos/223.jpg 1 207 118 33 43
pos/226.jpg 1 201 111 31 41
pos/228.jpg 1 202 105 36 42
pos/23.jpg 1 150 62 33 42
pos/230.jpg 1 180 67 32 42
pos/231.jpg 1 222 68 32 41
pos/232.jpg 1 160 80 36 46
pos/233.jpg 1 128 83 35 39
pos/234.jpg 1 168 59 34 42
pos/238.jpg 1 201 46 31 43
pos/239.jpg 1 226 35 32 41
pos/24.jpg 1 212 77 30 39
pos/240.jpg 1 237 88 34 43
pos/241.jpg 1 242 116 26 44
pos/242.jpg 1 226 46 30 40
pos/244.jpg 1 157 35 36 41
pos/245.jpg 1 132 73 31 45
pos/246.jpg 1 140 84 33 43
pos/247.jpg 1 167 97 29 42
pos/249.jpg 1 268 155 33 43
pos/25.jpg 1 154 73 33 43
pos/250.jpg 1 176 99 36 39
pos/251.jpg 1 202 59 34 42
pos/252.jpg 1 134 101 30 39
pos/253.jpg 1 99 127 32 40
pos/254.jpg 1 13 173 31 41
pos/255.jpg 1 44 169 32 44
pos/256.jpg 1 146 164 30 42
pos/257.jpg 1 247 118 30 41
pos/259.jpg 1 206 101 24 41
pos/260.jpg 1 207 176 28 42
pos/261.jpg 1 245 128 28 36
pos/262.jpg 1 215 181 29 40
pos/264.jpg 1 180 165 30 43
pos/266.jpg 1 102 106 29 45
pos/267.jpg 1 113 125 35 45
pos/269.jpg 1 265 130 30 45
pos/27.jpg 1 178 56 32 41
pos/270.jpg 1 228 188 32 41
pos/271.jpg 1 279 148 32 42
pos/272.jpg 1 256 140 33 44
pos/274.jpg 1 225 108 33 43
pos/275.jpg 1 212 107 34 41
pos/276.jpg 1 220 97 30 41
pos/277.jpg 1 233 127 31 37
pos/278.jpg 1 217 114 32 39
pos/279.jpg 1 198 150 33 40
pos/28.jpg 1 274 52 33 39
pos/280.jpg 1 134 148 28 36
pos/281.jpg 1 129 173 39 39
pos/282.jpg 1 156 119 31 41
pos/283.jpg 1 183 115 35 39
pos/284.jpg 1 187 116 30 37
pos/285.jpg 1 128 88 33 39
pos/287.jpg 1 142 116 32 43
pos/288.jpg 1 78 111 39 47
pos/29.jpg 1 228 74 29 39
pos/291.jpg 1 180 76 29 42
pos/292.jpg 1 181 97 30 40
pos/294.jpg 1 197 57 30 43
pos/297.jpg 1 171 48 30 42
pos/298.jpg 1 156 87 30 41
pos/299.jpg 1 131 76 31 41
pos/3.jpg 1 276 113 34 39
pos/30.jpg 1 240 56 32 43
pos/300.jpg 1 142 77 29 43
pos/301.jpg 1 145 79 29 39
pos/302.jpg 1 143 145 31 43
pos/304.jpg 1 188 128 30 41
pos/306.jpg 1 243 104 27 42
pos/307.jpg 1 199 124 26 44
pos/312.jpg 1 207 45 29 44
pos/313.jpg 1 244 47 31 42
pos/314.jpg 1 227 88 31 42
pos/315.jpg 1 209 53 28 42
pos/316.jpg 1 242 149 30 43
pos/317.jpg 1 212 98 32 47
pos/318.jpg 1 235 41 30 41
pos/32.jpg 1 219 59 29 42
pos/320.jpg 1 181 53 31 43
pos/321.jpg 1 159 103 31 41
pos/322.jpg 1 239 104 30 41
pos/323.jpg 1 107 101 31 46
pos/324.jpg 1 125 105 29 41
pos/325.jpg 1 134 106 29 39
pos/326.jpg 1 155 105 32 40
pos/327.jpg 1 214 32 33 44
pos/328.jpg 1 147 97 35 39
pos/329.jpg 1 121 83 33 41
pos/33.jpg 1 231 144 29 41
pos/330.jpg 1 129 80 29 45
pos/331.jpg 1 128 83 38 45
pos/336.jpg 1 169 81 33 45
pos/338.jpg 1 223 103 32 45
pos/339.jpg 1 244 108 29 43
pos/34.jpg 1 240 116 34 42
pos/340.jpg 1 243 110 32 40
pos/341.jpg 1 243 88 31 43
pos/342.jpg 1 267 75 31 42
pos/343.jpg 1 298 70 31 39
pos/344.jpg 1 119 123 36 42
pos/345.jpg 1 130 113 30 39
pos/346.jpg 1 131 111 30 42
pos/347.jpg 1 128 113 33 41
pos/348.jpg 1 127 109 33 43
pos/349.jpg 1 153 113 25 41
pos/35.jpg 1 244 122 30 39
pos/350.jpg 1 133 113 28 40
pos/351.jpg 1 131 113 26 41
pos/352.jpg 1 129 109 29 41
pos/353.jpg 1 126 115 35 39
pos/354.jpg 1 161 113 29 40
pos/355.jpg 1 151 113 27 40
pos/356.jpg 1 184 138 43 28
pos/357.jpg 1 184 136 26 39
pos/358.jpg 1 214 113 30 42
pos/359.jpg 1 234 139 31 42
pos/36.jpg 1 241 118 32 40
pos/360.jpg 1 215 119 27 42
pos/361.jpg 1 154 107 32 44
pos/362.jpg 1 80 57 30 42
pos/363.jpg 1 152 77 28 46
pos/364.jpg 1 240 107 33 43
pos/365.jpg 1 239 122 33 44
pos/366.jpg 1 236 94 32 41
pos/367.jpg 1 230 46 32 44
pos/368.jpg 1 172 82 30 46
pos/369.jpg 1 136 87 30 47
pos/370.jpg 1 153 82 27 44
pos/371.jpg 1 134 71 29 40
pos/373.jpg 1 221 75 29 40
pos/374.jpg 1 244 137 30 45
pos/375.jpg 1 243 129 27 44
pos/376.jpg 1 242 101 30 36
pos/377.jpg 1 239 78 31 47
pos/378.jpg 1 241 65 29 43
pos/379.jpg 1 240 118 33 39
pos/38.jpg 1 208 49 31 42
pos/380.jpg 1 243 87 32 37
pos/381.jpg 1 246 86 29 40
pos/382.jpg 1 241 84 35 44
pos/383.jpg 1 244 77 29 40
pos/384.jpg 1 248 108 25 44
pos/385.jpg 1 243 112 29 40
pos/386.jpg 1 243 127 31 42
pos/387.jpg 1 240 91 34 40
pos/388.jpg 1 233 75 32 43
pos/389.jpg 1 243 84 32 39
pos/39.jpg 1 260 130 34 41
pos/390.jpg 1 244 83 31 42
pos/391.jpg 1 245 84 31 41
pos/393.jpg 1 175 157 28 42
pos/394.jpg 1 180 161 30 43
pos/395.jpg 1 141 145 33 39
pos/396.jpg 1 227 114 31 42
pos/397.jpg 1 242 109 29 44
pos/398.jpg 1 243 111 30 42
pos/399.jpg 1 244 112 29 42
pos/40.jpg 1 322 161 29 41
pos/400.jpg 1 246 110 27 43
pos/402.jpg 1 209 73 30 45
pos/403.jpg 1 242 84 31 40
pos/404.jpg 1 244 83 30 43
pos/405.jpg 1 242 83 33 41
pos/408.jpg 1 160 45 29 39
pos/410.jpg 1 239 137 26 40
pos/412.jpg 1 187 116 30 43
pos/413.jpg 1 281 117 28 40
pos/415.jpg 1 142 104 34 39
pos/416.jpg 1 129 104 30 39
pos/417.jpg 1 231 105 29 42
pos/418.jpg 1 264 106 27 39
pos/419.jpg 1 205 96 32 41
pos/42.jpg 1 182 105 32 39
pos/420.jpg 1 204 118 32 43
pos/421.jpg 1 214 124 31 45
pos/422.jpg 1 250 138 33 47
pos/423.jpg 1 234 117 29 40
pos/424.jpg 1 193 114 32 39
pos/426.jpg 1 187 108 32 42
pos/427.jpg 1 240 73 28 40
pos/428.jpg 1 243 100 29 40
pos/429.jpg 1 227 79 28 42
pos/43.jpg 1 245 105 28 39
pos/430.jpg 1 231 106 29 42
pos/432.jpg 1 236 116 31 39
pos/433.jpg 1 226 77 28 41
pos/434.jpg 1 243 64 33 41
pos/435.jpg 1 237 72 30 43
pos/436.jpg 1 242 96 28 41
pos/438.jpg 1 110 101 29 39
pos/439.jpg 1 204 93 32 43
pos/442.jpg 1 223 67 29 39
pos/443.jpg 1 244 82 29 42
pos/444.jpg 1 232 74 26 44
pos/445.jpg 1 213 50 32 42
pos/446.jpg 1 234 103 27 41
pos/447.jpg 1 215 130 32 39
pos/448.jpg 1 227 164 26 39
pos/449.jpg 1 221 109 27 42
pos/45.jpg 1 219 108 32 42
pos/450.jpg 1 239 118 31 45
pos/451.jpg 1 245 127 31 44
pos/452.jpg 1 242 120 32 43
pos/453.jpg 1 214 108 32 44
pos/455.jpg 1 221 42 28 43
pos/456.jpg 1 225 138 30 43
pos/458.jpg 1 141 99 25 47
pos/459.jpg 1 236 102 32 41
pos/460.jpg 1 240 81 29 44
pos/461.jpg 1 199 61 33 39
pos/462.jpg 1 175 41 29 40
pos/463.jpg 1 142 75 30 38
pos/464.jpg 1 157 84 31 39
pos/465.jpg 1 209 64 32 41
pos/466.jpg 1 154 58 34 44
pos/467.jpg 1 134 73 34 42
pos/468.jpg 1 144 84 31 41
pos/471.jpg 1 211 61 29 43
pos/472.jpg 1 251 113 31 43
pos/473.jpg 1 258 83 29 40
pos/474.jpg 1 217 85 28 38
pos/475.jpg 1 234 84 32 40
pos/477.jpg 1 216 126 30 43
pos/478.jpg 1 214 115 34 39
pos/479.jpg 1 207 112 26 40
pos/483.jpg 1 106 82 31 44
pos/484.jpg 1 182 62 29 41
pos/486.jpg 1 234 88 30 43
pos/489.jpg 1 213 41 32 41
pos/490.jpg 1 229 88 29 39
pos/491.jpg 1 232 87 34 41
pos/492.jpg 1 217 102 29 42
pos/493.jpg 1 217 196 31 25
pos/494.jpg 1 222 91 30 45
pos/495.jpg 1 263 104 25 28
pos/496.jpg 1 241 94 33 41
pos/497.jpg 1 254 102 31 44
pos/498.jpg 1 240 72 34 41
pos/50.jpg 1 243 134 27 45
pos/500.jpg 1 110 102 29 43
pos/501.jpg 1 195 117 30 42
pos/502.jpg 1 246 52 27 42
pos/505.jpg 1 139 70 34 40
pos/506.jpg 1 175 29 29 42
pos/507.jpg 1 234 67 32 44
pos/508.jpg 1 232 120 34 37
pos/509.jpg 1 217 113 31 42
pos/51.jpg 1 239 63 32 45
pos/513.jpg 1 170 58 35 41
pos/514.jpg 1 132 71 29 38
pos/515.jpg 1 128 43 29 41
pos/516.jpg 1 228 76 23 38
pos/518.jpg 1 168 38 29 40
pos/519.jpg 1 180 66 32 40
pos/520.jpg 1 240 137 24 41
pos/521.jpg 1 167 79 29 38
pos/522.jpg 1 112 78 28 38
pos/523.jpg 1 112 127 33 48
pos/525.jpg 1 285 107 31 37
pos/526.jpg 1 193 89 30 41
pos/527.jpg 1 130 107 33 41
pos/528.jpg 1 129 61 30 42
pos/529.jpg 1 126 140 33 45
pos/53.jpg 1 177 60 26 40
pos/530.jpg 1 131 140 30 35
pos/531.jpg 1 129 102 31 42
pos/532.jpg 1 131 111 29 43
pos/533.jpg 1 128 114 34 43
pos/534.jpg 1 130 83 31 43
pos/535.jpg 1 130 83 28 43
pos/536.jpg 1 129 83 32 38
pos/537.jpg 1 145 75 32 43
pos/538.jpg 1 152 82 38 44
pos/54.jpg 1 153 73 33 42
pos/540.jpg 1 301 105 31 43
pos/541.jpg 1 208 113 30 40
pos/543.jpg 1 139 86 33 43
pos/544.jpg 1 129 101 33 41
pos/545.jpg 1 137 100 35 43
pos/548.jpg 1 149 36 29 42
pos/549.jpg 1 132 55 26 40
pos/55.jpg 1 235 106 31 43
pos/552.jpg 1 144 115 26 42
pos/553.jpg 1 131 145 28 41
pos/554.jpg 1 129 123 29 44
pos/556.jpg 1 130 164 29 38
pos/557.jpg 1 128 98 32 39
pos/558.jpg 1 142 115 34 41
pos/56.jpg 1 250 136 30 41
pos/560.jpg 1 140 80 27 43
pos/561.jpg 1 131 53 28 41
pos/562.jpg 1 104 115 26 40
pos/564.jpg 1 206 104 31 42
pos/566.jpg 1 138 109 30 38
pos/567.jpg 1 138 100 31 39
pos/568.jpg 1 136 78 30 45
pos/571.jpg 1 158 57 32 45
pos/572.jpg 1 131 74 32 40
pos/573.jpg 1 105 122 36 40
pos/574.jpg 1 124 111 32 41
pos/575.jpg 1 113 115 39 38
pos/576.jpg 1 131 192 28 28
pos/577.jpg 1 84 122 34 40
pos/579.jpg 1 215 100 32 44
pos/58.jpg 1 140 102 37 42
pos/580.jpg 1 128 108 34 41
pos/583.jpg 1 136 75 32 41
pos/584.jpg 1 132 70 31 37
pos/585.jpg 1 153 185 26 39
pos/586.jpg 1 167 123 34 42
pos/590.jpg 1 139 138 31 46
pos/591.jpg 1 128 115 32 41
pos/592.jpg 1 124 72 32 46
pos/593.jpg 1 129 140 30 41
pos/594.jpg 1 183 125 30 39
pos/595.jpg 1 158 51 29 42
pos/596.jpg 1 135 93 29 40
pos/598.jpg 1 282 102 30 41
pos/599.jpg 1 187 85 32 39
pos/600.jpg 1 168 52 29 39
pos/601.jpg 1 117 88 28 37
pos/603.jpg 1 139 70 29 42
pos/604.jpg 1 188 57 28 38
pos/607.jpg 1 144 74 32 39
pos/608.jpg 1 131 83 30 39
pos/609.jpg 1 129 84 31 40
pos/61.jpg 1 160 51 27 39
pos/610.jpg 1 129 81 28 40
pos/611.jpg 1 127 150 34 42
pos/612.jpg 1 131 116 28 39
pos/613.jpg 1 136 112 28 39
pos/614.jpg 1 137 119 29 39
pos/615.jpg 1 127 87 30 42
pos/616.jpg 1 129 137 32 42
pos/617.jpg 1 127 143 30 42
pos/618.jpg 1 129 105 30 42
pos/619.jpg 1 129 86 29 41
pos/62.jpg 1 146 79 30 42
pos/620.jpg 1 131 83 36 41
pos/621.jpg 1 133 151 28 42
pos/622.jpg 1 131 128 32 42
pos/623.jpg 1 132 92 26 38
pos/624.jpg 1 144 124 24 37
pos/626.jpg 1 43 87 26 40
pos/628.jpg 1 98 42 31 41
pos/629.jpg 1 187 56 33 41
pos/63.jpg 1 185 59 30 36
pos/630.jpg 1 243 130 27 43
pos/631.jpg 1 243 82 31 41
pos/633.jpg 1 236 83 32 43
pos/634.jpg 1 240 69 31 46
pos/635.jpg 1 198 39 31 45
pos/636.jpg 1 139 85 26 41
pos/638.jpg 1 235 51 30 43
pos/639.jpg 1 166 49 27 40
pos/64.jpg 1 236 59 28 41
pos/640.jpg 1 137 84 30 44
pos/641.jpg 1 225 76 30 42
pos/642.jpg 1 219 36 30 39
pos/644.jpg 1 131 62 27 38
pos/646.jpg 1 220 67 34 40
pos/647.jpg 1 320 69 33 35
pos/649.jpg 1 230 121 31 38
pos/65.jpg 1 211 98 40 28
pos/653.jpg 1 202 106 32 39
pos/654.jpg 1 156 95 30 43
pos/655.jpg 1 169 107 37 36
pos/656.jpg 1 186 103 31 44
pos/657.jpg 1 175 102 27 39
pos/659.jpg 1 115 102 33 40
pos/66.jpg 1 217 81 31 44
pos/660.jpg 1 121 103 32 42
pos/661.jpg 1 92 101 31 43
pos/662.jpg 1 134 105 28 39
pos/663.jpg 1 158 101 28 41
pos/664.jpg 1 126 101 26 41
pos/665.jpg 1 130 105 31 40
pos/667.jpg 1 96 105 37 36
pos/668.jpg 1 116 103 33 43
pos/669.jpg 1 133 104 30 40
pos/67.jpg 1 208 86 31 38
pos/670.jpg 1 134 106 33 34
pos/671.jpg 1 98 110 37 33
pos/672.jpg 1 128 106 31 36
pos/673.jpg 1 130 100 29 42
pos/674.jpg 1 134 102 32 39
pos/675.jpg 1 135 103 33 42
pos/676.jpg 1 133 100 29 43
pos/677.jpg 1 106 100 30 39
pos/678.jpg 1 123 102 31 41
pos/68.jpg 1 212 86 30 38
pos/680.jpg 1 146 65 31 39
pos/681.jpg 1 150 63 34 46
pos/682.jpg 1 170 41 29 40
pos/683.jpg 1 176 60 29 41
pos/684.jpg 1 165 37 32 41
pos/685.jpg 1 151 60 33 39
pos/686.jpg 1 141 66 35 40
pos/687.jpg 1 140 69 30 38
pos/688.jpg 1 133 69 39 42
pos/689.jpg 1 133 43 31 43
pos/690.jpg 1 132 62 33 42
pos/691.jpg 1 130 37 31 46
pos/699.jpg 1 161 57 35 39
pos/701.jpg 1 112 69 37 40
pos/702.jpg 1 125 71 38 40
pos/703.jpg 1 142 72 36 42
pos/705.jpg 1 118 68 39 42
pos/706.jpg 1 145 84 40 39
pos/707.jpg 1 155 79 38 43
pos/708.jpg 1 149 79 34 44
pos/709.jpg 1 142 46 34 48
pos/71.jpg 1 238 81 26 38
pos/719.jpg 1 166 49 27 39
pos/72.jpg 1 235 85 30 36
pos/720.jpg 1 142 56 32 44
pos/721.jpg 1 139 69 28 42
pos/722.jpg 1 126 74 33 39
pos/723.jpg 1 189 78 32 34
pos/724.jpg 1 204 75 33 43
pos/725.jpg 1 204 81 33 39
pos/726.jpg 1 203 78 36 43
pos/728.jpg 1 145 84 29 37
pos/729.jpg 1 158 80 29 41
pos/730.jpg 1 168 86 29 36
pos/731.jpg 1 178 85 29 36
pos/732.jpg 1 114 84 28 39
pos/733.jpg 1 98 84 29 41
pos/734.jpg 1 86 87 38 39
pos/735.jpg 1 87 76 34 44
pos/736.jpg 1 76 84 33 42
pos/737.jpg 1 86 87 31 39
pos/738.jpg 1 99 91 31 36
pos/739.jpg 1 99 89 31 38
pos/740.jpg 1 90 85 26 41
pos/741.jpg 1 96 82 31 44
pos/742.jpg 1 99 110 28 40
pos/743.jpg 1 101 166 26 40
pos/744.jpg 1 100 190 31 29
pos/745.jpg 1 113 156 36 40
pos/746.jpg 1 115 146 30 37
pos/747.jpg 1 103 136 35 45
pos/748.jpg 1 105 131 29 41
pos/749.jpg 1 115 127 35 40
pos/750.jpg 1 122 126 24 39
pos/751.jpg 1 107 115 32 43
pos/752.jpg 1 118 118 33 40
pos/753.jpg 1 121 116 33 41
pos/754.jpg 1 107 113 32 41
pos/755.jpg 1 109 114 31 40
pos/756.jpg 1 121 113 33 41
pos/757.jpg 1 121 114 34 39
pos/758.jpg 1 107 112 31 39
pos/759.jpg 1 121 111 29 42
pos/76.jpg 1 193 79 28 41
pos/760.jpg 1 130 111 32 40
pos/761.jpg 1 141 112 33 40
pos/762.jpg 1 142 113 31 37
pos/763.jpg 1 127 106 31 44
pos/764.jpg 1 133 134 30 41
pos/765.jpg 1 125 186 31 37
pos/767.jpg 1 113 180 29 39
pos/768.jpg 1 95 150 34 44
pos/769.jpg 1 98 141 28 42
pos/77.jpg 1 137 58 28 40
pos/770.jpg 1 108 132 29 40
pos/771.jpg 1 97 127 25 38
pos/772.jpg 1 93 114 32 42
pos/773.jpg 1 99 115 38 48
pos/775.jpg 1 21 119 43 42
pos/776.jpg 1 37 117 35 41
pos/778.jpg 1 50 113 29 30
pos/790.jpg 1 164 101 31 43
pos/791.jpg 1 148 98 32 47
pos/792.jpg 1 139 100 35 46
pos/793.jpg 1 132 101 34 43
pos/795.jpg 1 105 106 34 35
pos/798.jpg 1 117 68 25 41
pos/799.jpg 1 126 87 30 39
pos/80.jpg 1 169 75 34 43
pos/800.jpg 1 142 84 31 44
pos/802.jpg 1 176 62 23 40
pos/803.jpg 1 187 86 30 41
pos/804.jpg 1 192 117 38 46
pos/805.jpg 1 199 120 30 41
pos/806.jpg 1 194 115 30 41
pos/807.jpg 1 197 116 32 38
pos/808.jpg 1 196 115 33 38
pos/809.jpg 1 200 112 31 38
pos/81.jpg 1 162 83 31 41
pos/810.jpg 1 201 114 28 40
pos/815.jpg 1 200 112 27 41
pos/816.jpg 1 197 112 33 41
pos/82.jpg 1 142 133 33 41
pos/83.jpg 1 131 143 34 41
pos/830.jpg 1 196 111 27 41
pos/831.jpg 1 196 109 32 44
pos/836.jpg 1 187 116 27 39
pos/837.jpg 1 172 74 33 43
pos/84.jpg 1 129 121 43 34
pos/848.jpg 1 162 35 32 40
pos/849.jpg 1 159 52 30 42
pos/85.jpg 1 213 200 28 21
pos/850.jpg 1 168 31 36 47
pos/851.jpg 1 174 60 30 40
pos/852.jpg 1 163 49 30 37
pos/853.jpg 1 151 47 36 37
pos/854.jpg 1 155 59 36 45
pos/855.jpg 1 170 38 35 41
pos/856.jpg 1 183 52 33 41
pos/857.jpg 1 171 34 28 41
pos/858.jpg 1 160 56 30 41
pos/859.jpg 1 154 72 32 40
pos/86.jpg 1 175 124 30 40
pos/861.jpg 1 116 80 33 42
pos/863.jpg 1 102 80 37 43
pos/864.jpg 1 116 81 31 43
pos/865.jpg 1 92 86 32 39
pos/866.jpg 1 113 83 31 41
pos/868.jpg 1 111 111 31 40
pos/869.jpg 1 119 109 30 43
pos/87.jpg 1 213 117 26 36
pos/872.jpg 1 114 161 29 41
pos/874.jpg 1 103 145 31 37
pos/875.jpg 1 115 136 33 40
pos/876.jpg 1 89 127 31 44
pos/877.jpg 1 108 123 34 44
pos/879.jpg 1 133 114 32 40
pos/88.jpg 1 209 76 30 42
pos/880.jpg 1 143 138 25 39
pos/883.jpg 1 119 163 28 26
pos/884.jpg 1 132 148 28 28
pos/886.jpg 1 160 129 26 32
pos/888.jpg 1 179 124 34 33
pos/889.jpg 1 138 123 29 39
pos/89.jpg 1 240 118 33 39
pos/890.jpg 1 133 116 33 39
pos/891.jpg 1 142 81 32 39
pos/892.jpg 1 146 89 35 44
pos/893.jpg 1 161 91 29 42
pos/894.jpg 1 167 116 28 44
pos/895.jpg 1 158 116 31 40
pos/897.jpg 1 158 81 34 36
pos/899.jpg 1 119 64 31 37
pos/9.jpg 1 229 101 27 40
pos/90.jpg 1 223 80 33 41
pos/901.jpg 1 123 69 31 40
pos/903.jpg 1 118 76 26 40
pos/904.jpg 1 144 81 32 40
pos/905.jpg 1 162 82 33 39
pos/906.jpg 1 117 84 32 37
pos/907.jpg 1 124 83 28 42
pos/908.jpg 1 126 82 32 42
pos/91.jpg 1 249 90 31 39
pos/910.jpg 1 87 84 35 44
pos/911.jpg 1 126 83 29 40
pos/913.jpg 1 133 88 34 35
pos/914.jpg 1 95 86 37 36
pos/915.jpg 1 134 82 27 41
pos/917.jpg 1 104 86 29 37
pos/918.jpg 1 122 83 24 41
pos/919.jpg 1 122 82 29 40
pos/92.jpg 1 235 93 26 35
pos/920.jpg 1 130 84 32 41
pos/921.jpg 1 140 84 30 39
pos/922.jpg 1 86 86 30 38
pos/923.jpg 1 124 85 28 37
pos/925.jpg 1 130 84 29 42
pos/926.jpg 1 128 82 29 41
pos/927.jpg 1 129 84 31 40
pos/928.jpg 1 132 86 31 42
pos/929.jpg 1 126 85 35 39
pos/93.jpg 1 210 88 29 40
pos/930.jpg 1 128 82 38 40
pos/931.jpg 1 130 84 30 39
pos/933.jpg 1 117 84 27 40
pos/935.jpg 1 126 82 30 41
pos/937.jpg 1 130 85 30 41
pos/94.jpg 1 155 93 37 37
pos/940.jpg 1 117 85 31 39
pos/943.jpg 1 101 63 30 35
pos/944.jpg 1 126 61 27 43
pos/946.jpg 1 142 91 25 40
pos/947.jpg 1 162 57 31 43
pos/948.jpg 1 171 72 31 44
pos/949.jpg 1 185 75 33 42
pos/95.jpg 1 205 89 34 43
pos/950.jpg 1 185 76 34 38
pos/951.jpg 1 170 51 31 45
pos/952.jpg 1 172 62 28 44
pos/953.jpg 1 182 67 31 47
pos/954.jpg 1 174 69 31 46
pos/955.jpg 1 163 73 36 43
pos/956.jpg 1 151 77 34 40
pos/957.jpg 1 146 68 31 40
pos/958.jpg 1 141 49 32 38
pos/959.jpg 1 137 66 30 40
pos/96.jpg 1 241 89 30 43
pos/960.jpg 1 135 69 31 42
pos/961.jpg 1 131 74 33 40
pos/962.jpg 1 133 75 29 42
pos/963.jpg 1 131 80 29 38
pos/964.jpg 1 131 68 27 41
pos/965.jpg 1 133 51 28 35
pos/97.jpg 1 243 113 30 40
pos/975.jpg 1 129 134 29 25
pos/976.jpg 1 131 130 29 40
pos/977.jpg 1 129 93 31 42
pos/978.jpg 1 129 90 32 42
pos/979.jpg 1 131 101 30 39
pos/98.jpg 1 241 107 32 43
pos/980.jpg 1 135 80 25 31
pos/99.jpg 1 241 112 35 40
pos/990.jpg 1 214 77 24 36
pos/992.jpg 1 230 78 32 42
pos/993.jpg 1 235 80 30 36
pos/994.jpg 1 237 80 30 36
pos/995.jpg 1 240 80 31 38
pos/996.jpg 1 236 80 27 35
pos/997.jpg 1 220 78 36 37
pos/999.jpg 1 219 93 25 30
